166909.2594844504 3060215.13239267 1
191597.252488742 3059565.0918543893 2
216281.87507123803 3058965.2328565046 3
240963.39689661632 3058415.512525563 4
167670.4308938259 3087935.3205326344 5
192301.82351209671 3087281.369348699 6
216929.89592530357 3086677.900545287 7
241554.91375426055 3086124.8712444133 8
168437.9257342036 3115656.164803851 9
193012.24905102025 3114998.3527712254 10
217583.30249734415 3114391.320096414 11
242151.34764093018 3113835.0239046654 12
169211.7297995441 3143377.66913318 13
193728.5159846408 3142716.0463428386 14
218242.08274405263 3142105.496002287 15
242752.68758389438 3141545.9752477403 16
